001 55 121 127 84 2.92
002 39 70 254 169 3.23
003 55 98 127 84 3.67
006 128 141 90 60 2.54
007 79 67 254 169 2.27
009 52 130 180 120 2.79
010 8 144 90 60 3.53
011 93 56 254 169 4.40
012 42 237 127 84 3.27
013 89 127 127 84 4.12
014 46 147 127 84 2.95
015 12 98 180 120 2.63
016 50 138 127 84 2.75
018 0 36 360 240 3.29
019 36 98 254 169 5.44
020 246 25 127 84 2.26
020 48 100 180 120 3.10
021 67 110 127 84 5.04
022 5 155 254 169 3.76
023 25 82 127 84 4.40
023 25 271 127 84 3.07
023 184 58 180 120 2.93
023 192 248 180 120 3.80
024 104 294 90 60 2.25
024 36 114 180 120 4.39
025 212 99 90 60 3.18
026 33 48 254 169 2.16
027 28 144 90 60 3.39
027 28 294 90 60 2.86
028 24 60 90 60 4.57
028 68 207 90 60 4.60
028 64 333 90 60 3.80
029 8 113 127 84 4.39
030 16 279 90 60 2.52
030 24 132 180 120 3.40
031 39 42 254 169 3.54
032 92 60 180 120 4.13
033 88 104 180 120 2.97
034 128 168 90 60 3.54
035 114 59 127 84 2.57
035 38 172 127 84 4.56
037 42 138 127 84 2.13
039 0 44 360 240 4.86
040 72 104 127 84 3.58
041 110 50 127 84 2.27
041 0 96 127 84 3.55
042 48 114 180 120 2.85
043 76 124 127 84 2.60
044 50 73 254 169 3.94
045 21 260 127 84 2.46
046 42 200 127 84 3.68
047 90 67 254 169 3.39
048 33 104 127 84 3.69
049 25 189 127 84 4.00
050 38 70 127 84 4.82
051 55 62 127 84 2.69
051 29 220 127 84 3.25
052 8 138 90 60 3.71
052 8 229 127 84 2.22
053 36 76 254 169 3.44
054 76 159 90 60 4.24
055 42 149 127 84 2.85
056 21 197 127 84 3.03
057 16 86 180 120 3.04
058 32 27 90 60 3.01
058 36 258 90 60 2.83
058 32 348 90 60 3.17
058 12 135 127 84 2.45
059 36 180 90 60 5.79
060 72 177 90 60 2.76
061 4 20 360 240 3.36
062 44 86 180 120 3.93
063 244 22 180 120 2.99
063 16 42 180 120 3.01
063 24 202 180 120 5.13
063 248 210 180 120 3.81
064 308 12 90 60 2.77
064 97 149 127 84 4.39
065 39 67 254 169 3.86
066 67 93 127 84 4.03
067 64 268 180 120 5.73
067 14 22 254 169 4.91
069 44 309 90 60 3.00
069 0 59 127 84 3.34
070 44 225 90 60 4.41
071 38 93 127 84 2.42
072 268 0 90 60 2.13
072 33 107 254 169 2.58
075 12 208 180 120 2.96
076 20 94 180 120 3.50
077 12 57 90 60 3.25
077 40 261 90 60 2.69
078 8 120 180 120 2.79
080 45 220 254 169 3.46
081 28 80 360 240 3.27
082 12 36 360 240 4.42
084 20 108 90 60 4.46
084 52 252 90 60 4.47
085 59 56 254 169 3.76
086 52 96 180 120 3.17
088 36 216 180 120 3.98
089 0 32 360 240 3.94
090 96 86 180 120 4.29
091 20 90 180 120 4.04
092 76 135 127 84 3.09
093 50 124 127 84 4.75
094 8 229 254 169 3.17
095 46 101 127 84 3.37
096 16 80 360 240 2.88
097 2 115 254 169 3.62
098 44 123 90 60 4.07
099 48 78 90 60 2.31
099 204 123 90 60 2.11
100 21 19 127 84 4.91
100 220 33 127 84 3.89
100 12 181 127 84 2.62
100 212 237 127 84 3.66
100 38 328 127 84 3.86
101 8 28 360 240 3.98
102 20 162 90 60 3.18
103 97 11 127 84 3.01
105 36 113 254 169 2.44
106 21 82 127 84 4.28
107 12 44 360 240 4.01
108 38 90 127 84 2.79
109 20 78 180 120 3.20
110 67 82 127 84 3.42
111 24 267 90 60 2.21
111 14 36 254 169 3.48
112 0 36 254 169 3.65
113 21 115 127 84 4.10
114 16 197 127 84 2.94
116 32 24 90 60 3.60
116 80 206 127 84 3.33
117 65 42 254 169 3.28
118 25 104 127 84 5.04
120 38 181 127 84 4.55
121 0 124 180 120 3.00
122 32 114 90 60 2.76
123 92 206 180 120 2.99
124 50 124 127 84 2.81
125 16 99 90 60 2.37
126 79 73 254 169 4.28
127 96 357 90 60 3.81
127 55 192 127 84 3.60
128 16 42 127 84 3.45
129 21 296 127 84 4.30
129 0 60 180 120 2.53
130 44 270 180 120 4.40
132 29 87 127 84 2.58
132 25 192 127 84 2.34
133 48 135 90 60 4.54
133 72 246 90 60 3.98
134 5 62 254 169 2.82
135 24 56 360 240 3.77
140 28 273 90 60 2.69
140 8 130 127 84 5.03
142 16 84 254 169 4.28
143 32 24 360 240 3.82
144 16 93 127 84 4.29
146 50 195 127 84 2.43
147 72 102 180 120 2.75
148 56 166 180 120 3.61
149 25 280 127 84 3.92
150 32 117 90 60 3.81
151 8 44 360 240 4.91
152 29 104 127 84 5.20
153 108 176 180 120 4.14
155 44 111 90 60 2.31
156 80 90 90 60 3.33
156 28 285 90 60 3.16
157 115 50 254 169 3.80
158 19 90 254 169 3.68
159 16 59 254 169 6.74
160 0 12 360 240 4.09
161 28 166 180 120 2.94
162 106 175 127 84 2.88
163 188 153 90 60 2.42
163 8 196 180 120 4.13
164 8 155 127 84 3.12
165 148 82 127 84 2.52
166 8 130 180 120 2.31
167 50 39 127 84 2.26
167 0 290 180 120 2.58
168 12 203 127 84 3.15
172 48 65 254 169 3.34
174 76 19 254 169 2.74
176 92 100 180 120 3.36
177 64 60 90 60 3.45
177 28 318 90 60 3.31
178 48 162 180 120 3.48
179 16 73 254 169 5.09
179 70 101 254 169 2.55
181 16 210 90 60 2.78
182 16 24 360 240 3.27
183 32 81 90 60 4.00
185 8 39 254 169 4.52
186 36 216 90 60 3.21
186 8 282 127 84 2.51
187 152 70 127 84 3.14
188 25 172 127 84 3.40
190 28 76 180 120 3.45
191 29 70 127 84 4.73
192 207 96 127 84 2.21
192 52 14 180 120 2.30
193 24 64 180 120 3.32
193 40 280 180 120 3.88
196 38 144 127 84 3.07
197 24 105 90 60 2.86
198 40 198 180 120 4.54
199 32 150 90 60 2.12
200 16 42 127 84 2.23
201 44 99 90 60 2.88
202 176 108 180 120 3.50
203 36 148 180 120 3.30
206 39 104 254 169 4.90
207 124 81 90 60 3.45
207 29 220 127 84 3.42
208 168 72 180 120 3.40
209 8 79 254 169 4.05
210 22 70 254 169 3.97
211 93 87 127 84 2.81
211 42 277 127 84 3.34
212 16 147 127 84 5.19
213 25 135 127 84 4.09
214 36 56 360 240 3.29
215 53 87 254 169 3.57
216 89 164 127 84 2.95
217 32 122 180 120 4.76
218 52 78 90 60 3.40
218 56 225 90 60 4.66
219 12 200 127 84 2.86
220 32 106 180 120 5.23
221 11 62 254 169 4.44
222 169 62 127 84 2.47
223 28 108 90 60 3.67
224 12 16 360 240 3.68
225 52 126 180 120 2.50
226 0 28 360 240 4.26
227 116 138 90 60 2.30
228 67 127 127 84 3.88
229 56 36 254 169 4.66
230 42 79 254 169 3.54
231 16 73 127 84 3.29
232 12 134 180 120 3.12
233 11 50 254 169 4.01
234 72 110 180 120 2.96
235 16 264 90 60 2.12
236 19 62 254 169 3.88
237 16 135 127 84 3.57
238 120 90 180 120 2.33
239 80 144 90 60 3.25
239 8 282 127 84 4.18
240 52 74 180 120 3.31
241 212 127 127 84 4.17
242 25 124 127 84 2.87
243 40 63 90 60 2.32
243 12 248 127 84 3.81
244 12 36 360 240 4.72
245 8 96 127 84 3.44
246 38 181 127 84 2.85
247 16 52 180 120 4.32
248 28 60 90 60 2.33
249 112 327 90 60 3.06
249 50 39 127 84 2.94
249 8 200 127 84 3.45
249 165 209 127 84 2.43
250 24 87 90 60 3.43
250 29 280 127 84 2.53
252 192 141 90 60 3.02
253 31 212 254 169 3.71
254 101 149 127 84 3.53
255 20 123 90 60 2.61
256 50 104 254 169 3.40
257 28 116 180 120 4.20
258 4 93 90 60 3.84
258 12 282 90 60 4.31
259 0 198 180 120 2.26
260 80 84 360 240 5.18
261 33 161 127 84 4.10
262 20 24 360 240 4.41
263 0 36 360 240 3.61
264 68 63 90 60 2.85
264 4 234 127 84 2.92
266 52 100 180 120 4.37
267 62 67 254 169 4.54
268 20 20 360 240 3.94
269 0 82 180 120 3.32
270 19 33 254 169 4.20
270 19 243 254 169 3.88
271 32 108 180 120 3.16
272 42 132 127 84 3.18
273 46 158 127 84 2.96
274 76 135 90 60 2.82
275 12 87 90 60 4.67
275 40 327 90 60 3.98
276 8 127 127 84 4.48
277 16 81 90 60 4.26
277 56 300 90 60 4.73
278 53 84 254 169 4.01
279 52 39 90 60 3.49
279 152 150 90 60 3.05
280 38 200 127 84 3.34
281 40 42 180 120 2.53
281 52 234 180 120 2.78
283 36 138 180 120 3.44
284 42 50 254 169 4.02
285 12 156 180 120 3.64
286 80 79 127 84 3.21
286 48 212 180 120 3.69
287 38 107 127 84 3.20
288 8 93 90 60 3.35
289 68 162 90 60 2.56
289 72 19 127 84 3.95
289 38 359 127 84 2.67
290 44 130 180 120 3.43
291 8 69 90 60 4.91
291 24 297 90 60 4.59
291 96 2 180 120 2.44
292 21 141 127 84 3.44
293 59 73 254 169 2.32
294 5 93 254 169 3.39
295 16 28 180 120 5.12
295 232 36 180 120 5.03
295 20 204 180 120 3.84
295 252 218 180 120 4.65
296 4 225 90 60 2.50
296 46 62 127 84 3.91
297 36 162 90 60 2.43
297 140 118 127 84 2.31
298 88 30 180 120 4.59
298 28 250 180 120 2.61
299 24 88 180 120 3.03
300 16 90 254 169 3.59
301 84 144 254 169 4.10
302 0 156 90 60 2.50
302 192 118 180 120 3.48
303 32 92 180 120 2.31
304 16 60 180 120 3.29
305 32 117 90 60 4.96
307 46 110 127 84 2.59
308 32 180 90 60 4.55
309 113 28 254 169 3.51
312 20 270 90 60 4.08
313 28 186 180 120 3.44
314 48 84 90 60 2.18
315 12 72 360 240 4.53
316 40 92 180 120 2.79
317 24 129 90 60 4.50
318 118 115 127 84 2.37
319 21 144 127 84 3.50
320 36 56 254 169 4.08
321 50 132 127 84 2.34
322 40 44 360 240 4.85
323 8 42 254 169 4.15
325 50 101 127 84 4.45
326 42 79 254 169 3.75
327 320 57 90 60 2.27
327 97 79 127 84 2.33
328 20 99 90 60 3.73
328 72 180 90 60 3.32
328 24 279 90 60 4.02
329 16 152 127 84 4.47
330 25 149 127 84 3.87
331 24 45 90 60 4.10
331 48 213 90 60 3.30
331 64 354 90 60 4.34
332 22 59 254 169 3.92
333 140 82 127 84 3.52
333 152 212 127 84 2.61
334 84 354 90 60 3.29
334 97 11 127 84 3.12
334 33 189 127 84 3.64
335 108 106 180 120 2.82
336 62 42 254 169 3.63
337 44 135 90 60 3.55
338 28 154 180 120 4.63
339 93 294 127 84 3.33
339 60 42 180 120 3.52
341 16 126 90 60 3.07
343 128 75 90 60 2.30
343 207 96 127 84 2.15
344 25 189 127 84 4.86
345 224 135 90 60 2.57
346 28 158 180 120 4.63
348 135 127 127 84 3.84
349 25 76 254 169 3.78
350 52 100 180 120 4.88
351 8 69 90 60 4.67
351 16 305 127 84 3.67
352 16 152 127 84 3.81
354 32 56 360 240 5.04
355 56 112 180 120 3.40
357 110 178 127 84 4.46
358 2 149 254 169 3.28
359 101 96 254 169 2.96
360 48 48 360 240 4.68
361 52 72 180 120 4.14
362 16 92 180 120 3.59
363 44 146 180 120 4.82
364 48 36 360 240 3.51
365 12 101 127 84 3.49
366 33 132 127 84 2.25
367 25 65 254 169 4.19
368 127 50 127 84 3.31
369 76 121 254 169 4.24
370 48 74 180 120 2.33
371 38 96 127 84 4.54
372 60 116 180 120 2.62
373 84 124 180 120 3.85
374 4 84 127 84 2.83
375 0 58 180 120 2.86
376 67 141 127 84 4.23
377 104 87 254 169 2.77
378 56 166 180 120 2.89
379 19 76 254 169 4.20
380 48 68 360 240 3.85
382 52 174 180 120 3.93
383 29 96 127 84 3.64
384 5 104 254 169 2.91
385 65 107 254 169 4.18
387 56 122 180 120 3.51
388 40 108 90 60 3.22
388 20 348 90 60 3.60
389 21 19 127 84 2.32
389 229 107 127 84 2.80
389 106 124 127 84 2.29
389 164 190 180 120 2.17
390 52 60 180 120 3.79
391 32 93 90 60 2.45
391 48 225 90 60 2.55
392 28 111 90 60 2.63
393 12 115 127 84 4.29
394 8 84 180 120 2.30
395 25 152 127 84 4.24
396 48 162 90 60 2.70
397 38 203 127 84 3.55
398 46 98 127 84 2.24
399 20 86 180 120 5.10
400 96 357 90 60 2.65
400 16 172 127 84 5.41
401 101 113 127 84 3.11
402 116 52 180 120 2.44
403 80 64 180 120 4.23
406 24 32 360 240 3.74
407 25 206 127 84 4.08
408 56 70 254 169 4.62
409 59 39 254 169 4.46
410 72 226 180 120 3.84
412 24 75 90 60 2.99
412 32 171 90 60 2.79
412 120 10 180 120 2.36
415 16 104 180 120 3.58
416 110 172 127 84 3.23
417 28 327 90 60 3.36
417 16 79 127 84 2.92
418 4 110 127 84 3.68
419 4 76 127 84 2.49
419 25 257 127 84 3.21
420 182 110 127 84 3.07
420 55 121 127 84 2.11
421 53 217 254 169 3.73
422 244 16 180 120 3.57
422 4 38 180 120 4.06
422 28 208 180 120 4.18
422 236 222 180 120 4.28
424 8 206 127 84 3.71
425 160 84 180 120 4.98
427 44 90 90 60 2.42
428 20 108 90 60 3.94
429 64 99 90 60 2.28
429 16 306 90 60 3.63
431 12 188 180 120 2.97
434 56 92 180 120 5.09
435 28 258 90 60 2.54
436 62 50 254 169 4.28
437 38 53 127 84 4.30
438 33 181 127 84 3.46
439 12 121 127 84 3.77
440 29 257 127 84 3.02
440 44 62 180 120 3.44
441 29 28 127 84 4.22
441 21 175 127 84 4.31
441 29 322 127 84 3.90
442 39 79 254 169 2.71
443 50 161 127 84 4.13
444 32 116 180 120 3.06
445 0 28 360 240 4.13
446 12 113 127 84 2.73
447 68 120 180 120 4.07
448 24 192 90 60 2.37
448 25 87 127 84 3.88
449 56 87 90 60 3.38
450 12 182 180 120 3.22
453 0 107 127 84 2.80
454 107 53 254 169 4.59
455 2 73 254 169 3.19
457 16 118 127 84 3.91
458 59 240 127 84 2.30
460 63 161 127 84 3.68
461 0 84 254 169 3.22
462 107 124 254 169 2.77
464 60 96 90 60 3.32
465 33 96 254 169 4.88
466 25 155 254 169 2.84
467 240 171 90 60 2.45
469 16 127 127 84 3.61
470 88 150 90 60 2.35
471 4 135 127 84 3.68
472 4 93 127 84 2.41
473 8 152 127 84 4.32
474 59 147 127 84 4.03
475 72 197 127 84 4.20
476 84 270 90 60 3.57
478 40 93 90 60 2.10
478 32 270 90 60 3.73
480 108 210 90 60 4.38
480 92 318 90 60 2.92
480 21 53 127 84 3.72
481 33 155 127 84 3.32
482 46 107 127 84 3.09
483 11 98 254 169 2.31
484 52 68 180 120 3.08
486 16 312 180 120 3.78
487 284 169 127 84 2.80
488 8 25 254 169 4.82
489 168 195 90 60 3.36
489 165 96 127 84 2.40
490 148 231 127 84 3.38
491 156 111 90 60 3.28
491 25 36 127 84 2.35
492 72 102 90 60 3.78
493 28 86 180 120 2.54
494 275 0 127 84 2.94
495 16 82 254 169 4.78
496 97 62 127 84 3.51
496 48 122 180 120 2.39
497 16 98 180 120 4.08
498 12 175 127 84 3.14
499 55 79 127 84 2.73
500 104 114 90 60 4.38
